2.4e-05,58,83,1
9.1e-05,36,101,1
0.000106,186,105,1
0.000152,65,114,1
0.000195,30,138,1
0.00021,5,140,-1
0.000214,31,142,-1
0.000214,85,145,-1
0.000221,185,143,-1
0.000293,29,5,1
0.000346,85,26,1
0.000357,44,29,1
0.000453,81,61,1
0.000471,102,71,1
0.000489,73,80,1
0.000489,169,79,-1
0.00049,169,77,-1
0.000504,31,83,1
0.000505,31,84,-1
0.000509,168,80,-1
0.000537,34,94,1
0.000555,23,103,1
0.000559,35,101,1
0.000574,153,106,-1
0.000624,22,127,-1
0.000635,3,133,1
0.000635,5,133,1
0.000635,42,132,1
0.000639,44,131,1
0.000671,89,146,-1
0.000671,95,146,-1
0.000671,98,146,-1
0.000671,100,146,-1
0.000675,79,144,-1
0.000761,62,22,1
0.000772,44,29,1
0.000808,54,41,-1
0.000808,69,41,-1
0.000833,51,54,1
0.000887,102,71,1
0.000898,44,77,1
0.00092,59,84,1
0.000931,61,88,-1
0.000931,186,87,-1
0.000942,187,88,-1
0.000946,69,92,-1
0.000953,42,94,-1
0.00096,6,103,1
0.00096,23,103,-1
0.000996,144,106,-1
0.000997,34,108,-1
0.001001,146,118,1
0.001004,38,121,-1
0.001004,145,120,-1
0.001012,41,117,-1
0.001051,65,136,1
0.001059,16,141,-1
0.00107,89,145,-1
0.001074,77,144,-1
0.001077,78,147,1
0.001163,44,29,1
0.001277,102,71,1
0.001292,169,79,-1
0.001292,169,77,-1
0.001303,30,83,1
0.001303,35,83,-1
0.001303,57,84,-1
0.001304,168,80,-1
0.001311,65,87,-1
0.001315,37,90,-1
0.001315,184,88,-1
0.001316,41,91,-1
0.001319,29,97,1
0.00132,32,96,1
0.001324,42,93,-1
0.001324,187,102,1
0.001328,59,101,-1
0.001332,14,101,-1
0.001332,185,99,1
0.00135,47,111,-1
0.001364,1,118,-1
0.001372,33,128,-1
0.001415,18,141,-1
0.001415,42,141,1
0.001415,38,142,-1
0.001419,8,140,-1
0.00143,78,144,-1
0.00143,148,146,1
0.001434,189,149,1
0.001509,44,29,1
0.001623,102,71,1
0.001631,47,77,1
0.001642,32,81,1
0.001656,40,87,1
0.001656,31,85,-1
0.001656,58,85,-1
0.001657,49,89,1
0.001657,58,89,-1
0.001657,38,90,1
0.001661,63,92,-1
0.001679,181,98,1
0.001683,185,97,1
0.001687,184,112,1
0.001687,151,111,-1
0.001695,146,108,1
0.001698,144,120,-1
0.001713,50,128,1
0.001728,1,133,1
0.001739,61,134,1
0.00176,57,144,-1
0.001771,1,140,-1
0.001771,1,140,-1
0.001772,92,148,1
0.001772,146,146,1
0.001818,52,15,1
0.001844,44,29,1
0.001883,68,48,1
0.001905,70,58,1
0.001933,102,71,1
0.001944,169,77,-1
0.001952,147,83,-1
0.001952,33,83,-1
0.001952,55,83,-1
0.001952,57,83,-1
0.00196,29,85,-1
0.00196,150,84,-1
0.00196,45,88,1
0.001961,61,90,1
0.001964,30,97,1
0.001965,30,95,-1
0.001965,188,103,1
0.001969,60,102,-1
0.00199,146,111,-1
0.001994,37,121,1
0.001994,141,120,1
0.002002,50,119,-1
0.002009,38,126,-1
0.002009,39,126,-1
0.00201,152,123,1
0.002014,17,134,1
0.002014,39,133,1
0.002018,46,130,1
0.002025,145,135,1
0.002025,36,135,1
0.002043,26,139,1
0.002054,135,147,-1
0.002054,158,147,1
0.002054,147,146,1
0.002062,183,150,-1
0.002066,190,174,1
0.002098,29,5,1
0.002098,42,6,-1
0.00212,44,26,1
0.002124,44,29,1
0.00217,79,59,1
0.002195,102,71,1
0.002203,169,79,-1
0.002207,61,85,1
0.002214,78,81,-1
0.002214,168,80,-1
0.002215,56,83,-1
0.002236,25,100,-1
0.002254,49,111,1
0.002265,11,120,-1
0.002265,153,119,-1
0.002269,11,119,-1
0.002273,48,129,1
0.002273,21,126,-1
0.002277,153,123,1
0.002281,17,122,-1
0.002281,149,121,-1
0.002281,8,133,1
0.002292,59,134,-1
0.002293,25,138,-1
0.002293,26,138,-1
0.002304,97,146,-1
0.002308,29,142,-1
0.002308,150,148,-1
0.002344,55,8,-1
0.002369,88,18,-1
0.002384,44,29,1
0.002416,52,54,1
0.002441,46,61,-1
0.002449,102,71,1
0.00246,46,77,1
0.002463,49,74,-1
0.002481,36,90,-1
0.002482,61,91,-1
0.002482,41,94,-1
0.002482,42,95,-1
0.002486,29,100,-1
0.002486,30,100,1
0.00249,40,99,-1
0.002498,50,110,-1
0.002508,59,109,1
0.002515,12,118,-1
0.002515,184,117,1
0.002519,29,117,-1
0.002523,23,127,-1
0.002523,31,127,-1
0.002524,35,123,-1
0.002524,146,121,-1
0.002528,18,134,1
0.002542,36,137,-1
0.002557,34,142,-1
0.002557,36,142,-1
0.002557,148,148,-1
0.002557,183,148,1
0.002561,134,147,-1
0.002561,136,147,-1
0.002576,47,16,1
0.002619,44,29,1
0.00268,102,71,1
0.002691,169,77,-1
0.002691,66,88,-1
0.002695,31,83,1
0.002699,32,82,-1
0.002728,57,102,-1
0.002728,64,101,-1
0.002728,60,103,-1
0.002728,19,110,-1
0.002728,145,109,1
0.002732,146,105,-1
0.002733,16,120,-1
0.002737,146,117,-1
0.00274,55,115,-1
0.002741,29,125,-1
0.002741,17,123,-1
0.002748,18,128,-1
0.002749,25,133,1
0.002749,62,132,-1
0.002749,31,134,1
0.002764,67,144,-1
0.002768,6,140,-1
0.002768,39,142,-1
0.002811,49,8,-1
0.002815,89,17,-1
0.00284,44,29,1
0.002876,103,60,-1
0.00288,102,71,1
0.002884,169,79,-1
0.002891,57,82,1
0.002891,168,80,-1
0.002895,64,94,1
0.002895,70,94,-1
0.002903,42,90,1
0.002928,25,105,-1
0.002957,31,122,-1
0.002957,46,122,-1
0.002957,40,125,-1
0.002961,116,126,-1
0.002961,64,133,-1
0.002983,19,141,-1
0.00299,64,145,-1
0.002991,166,149,-1
0.003005,71,176,-1
0.003027,44,29,1
0.003031,90,30,1
0.003067,102,71,1
0.00307,51,80,-1
0.003071,178,87,-1
0.003085,40,89,-1
0.003085,182,88,-1
0.003093,43,101,-1
0.003093,26,100,-1
0.003101,24,102,-1
0.003119,33,107,-1
0.003119,49,120,-1
0.00313,29,126,-1
0.003134,6,133,1
0.003134,27,134,1
0.003141,33,135,1
0.003141,62,134,-1
0.003142,67,136,1
0.003153,188,149,1
0.003178,44,29,1
0.003218,32,57,-1
0.003225,102,71,1
0.00324,54,82,-1
0.003243,64,87,-1
0.003243,165,86,-1
0.003247,37,91,-1
0.003248,37,92,-1
0.003248,68,92,-1
0.003252,40,94,-1
0.003256,25,104,1
0.003256,114,103,-1
0.003277,3,120,-1
0.003277,32,120,1
0.003285,45,114,-1
0.003285,56,114,-1
0.003289,20,126,-1
0.003293,19,134,1
0.003304,28,135,1
0.003308,33,142,-1
0.003311,56,143,-1
0.003312,88,145,-1
0.003312,184,148,1
0.003316,180,150,-1
0.003334,44,29,1
0.003341,89,42,-1
0.003367,102,71,1
0.003374,169,77,-1
0.003396,38,92,-1
0.003396,62,92,-1
0.003396,17,90,-1
0.003407,54,104,-1
0.003425,1,117,-1
0.003425,5,117,-1
0.003425,11,117,-1
0.003429,150,121,-1
0.003437,7,133,1
0.003437,63,132,-1
0.003452,9,140,-1
0.003452,11,140,-1
0.003473,44,29,1
0.003477,41,6,-1
0.003477,44,6,-1
0.003481,91,40,-1
0.003496,102,71,1
0.003499,104,79,1
0.003506,81,82,-1
0.00351,59,86,-1
0.003514,32,93,-1
0.003522,51,103,-1
0.003522,118,102,-1
0.003526,9,99,-1
0.003526,149,110,-1
0.003533,52,108,-1
0.003541,56,123,1
0.003542,53,126,1
0.003542,35,127,-1
0.003542,36,127,-1
0.003571,177,150,-1
0.003578,90,19,-1
0.003579,44,29,1
0.003582,40,7,-1
0.003597,102,71,1
0.003597,88,74,-1
0.003598,169,79,-1
0.003598,58,83,1
0.003598,30,84,-1
0.003598,148,83,-1
0.003599,168,80,-1
0.00361,39,89,-1
0.003617,58,102,-1
0.003632,16,124,-1
0.003632,117,127,1
0.003675,44,29,1
0.003682,64,40,-1
0.003693,102,71,1
0.003697,47,73,-1
0.003708,16,88,-1
0.003708,184,86,-1
0.003709,58,86,-1
0.003713,38,94,-1
0.003713,39,94,1
0.003713,40,97,1
0.003717,57,113,-1
0.003728,37,127,-1
0.003728,24,129,-1
0.003729,17,124,-1
0.003732,6,115,-1
0.003732,110,114,1
0.003747,116,141,-1
0.003747,17,141,-1
0.003747,21,141,-1
0.003751,53,144,-1
0.003751,69,144,-1
0.003751,72,144,-1
0.003752,44,29,1
0.003766,41,7,-1
0.003766,46,7,-1
0.003767,40,6,-1
0.003767,45,6,-1
0.003767,90,5,-1
0.003767,61,39,-1
0.003771,52,41,-1
0.003782,102,71,1
0.003783,48,68,-1
0.003787,47,76,-1
0.003787,17,74,-1
0.003794,80,82,-1
0.003798,64,92,-1
0.003806,14,100,-1
0.003835,8,118,-1
0.003846,64,134,-1
0.003853,3,141,-1
0.003853,25,141,-1
0.003857,65,145,1
0.003857,87,145,-1
0.003857,179,150,-1
0.003858,44,29,1
0.003865,43,6,-1
0.003865,42,7,-1
0.003876,89,39,-1
0.00388,102,71,1
0.003884,7,75,-1
0.003884,48,74,-1
0.003885,47,75,-1
0.003924,29,108,-1
0.003928,18,124,-1
0.003928,116,116,-1
0.003934,5,133,1
0.003948,90,145,-1
0.003948,91,145,-1
0.003949,93,146,-1
0.003949,115,147,-1
0.00396,44,29,1
0.00396,51,7,-1
0.00396,60,7,-1
0.003971,49,39,-1
0.003972,102,71,1
0.003972,48,65,-1
0.003972,104,77,-1
0.00398,182,86,-1
0.00398,57,85,-1
0.003998,156,109,-1
0.004002,20,109,-1
0.004002,36,108,-1
0.004006,51,127,1
0.00401,19,125,-1
0.00401,31,125,-1
0.00401,151,121,-1
0.004014,9,133,1
0.004014,19,133,-1
0.004029,62,144,-1
0.004029,71,144,-1
0.004029,90,146,-1
0.00403,160,149,-1
0.00403,44,29,1
0.004037,89,14,-1
0.004059,62,39,-1
0.004059,91,39,-1
0.00406,14,72,-1
0.00406,102,71,1
0.00406,13,71,-1
0.00406,48,79,-1
0.00406,169,77,-1
0.004079,40,86,-1
0.004082,31,94,-1
0.004097,18,130,-1
0.004097,27,129,-1
0.004097,25,124,-1
0.004098,147,121,-1
0.004098,36,121,-1
0.004109,28,142,-1
0.004109,40,142,1
0.004109,41,142,-1
0.00411,7,141,-1
0.00411,14,141,-1
0.004114,44,29,1
0.004114,90,23,-1
0.004125,64,9,-1
0.004136,91,36,-1
0.004136,58,38,-1
0.00414,15,72,-1
0.00414,102,71,1
0.004176,54,109,1
0.00418,71,101,-1
0.00418,16,105,-1
0.004188,3,118,-1
0.004188,54,116,-1
0.004188,4,133,1
0.004203,94,146,-1
0.004203,137,145,-1
0.004207,99,147,-1
0.004207,186,150,-1
0.004208,44,29,1
0.004219,56,8,-1
0.00423,90,44,-1
0.00423,58,39,-1
0.00423,60,39,-1
0.00423,64,39,-1
0.00423,13,72,-1
0.00423,102,71,1
0.004234,103,77,-1
0.004235,57,81,-1
0.004246,35,95,1
0.004257,117,109,-1
0.004268,148,121,-1
0.004272,16,134,1
0.004279,64,136,1
0.004281,73,142,1
0.004285,91,146,-1
0.004285,102,146,-1
0.004289,44,29,1
0.004296,29,5,1
0.004296,54,8,-1
0.004296,63,8,-1
0.0043,104,59,-1
0.004308,102,71,1
0.004308,169,79,-1
0.004308,168,80,-1
0.00433,49,90,-1
0.004331,22,105,-1
0.004331,23,105,-1
0.004335,32,98,-1
0.004346,35,108,-1
0.004346,37,124,-1
0.004346,109,124,-1
0.004346,14,121,-1
0.004346,24,121,-1
0.004346,74,121,-1
0.004347,52,118,-1
0.004358,24,141,-1
0.004358,80,144,-1
0.004362,44,29,1
0.004362,47,31,-1
0.004363,71,22,-1
0.004363,88,22,-1
0.004363,89,22,-1
0.004363,90,22,-1
0.004363,88,23,-1
0.004371,52,7,-1
0.004371,58,7,-1
0.004371,89,7,-1
0.004371,64,41,-1
0.004382,48,72,-1
0.004382,102,71,1
0.004383,21,80,-1
0.004383,106,79,1
0.004383,33,81,1
0.004391,17,89,-1
0.004391,41,88,1
0.004391,42,88,1
0.004391,187,87,-1
0.004391,43,85,-1
0.004392,39,91,1
0.004395,70,95,-1
0.004399,29,110,1
0.004403,33,109,1
0.004403,151,108,1
0.004418,11,122,-1
0.004433,15,134,1
0.004444,48,143,-1
0.004448,181,150,-1
0.004449,44,29,1
0.004456,67,13,-1
0.004456,65,14,-1
0.004457,69,11,-1
0.004457,48,37,-1
0.004468,102,71,1
0.004482,38,87,-1
0.004501,9,100,-1
0.004519,11,133,1
0.00453,33,140,1
0.004533,99,146,-1
0.004534,109,148,-1
0.004534,44,29,1
0.004542,71,38,-1
0.004552,102,71,1
0.00456,21,81,-1
0.004603,42,124,-1
0.004607,9,122,-1
0.004607,145,121,-1
0.004611,6,119,-1
0.004611,23,118,-1
0.004611,3,133,1
0.004619,42,138,-1
0.004619,55,140,-1
0.004627,184,151,-1
0.004627,186,151,-1
0.004627,44,29,1
0.004634,45,7,-1
0.004634,47,7,-1
0.004649,59,38,-1
0.004649,102,71,1
0.004653,78,82,1
0.004664,148,84,1
0.004679,153,110,1
0.004697,145,123,1
0.004701,18,123,-1
0.004701,12,120,-1
0.00473,41,139,-1
0.00473,73,141,-1
0.004741,169,149,-1
0.004742,44,29,1
0.004749,56,7,-1
0.004764,102,71,1
0.004764,46,70,-1
0.004768,169,77,-1
0.004775,50,84,-1
0.004775,23,83,-1
0.004776,174,87,-1
0.004776,188,86,-1
0.004776,47,91,1
0.004791,143,107,-1
0.004791,153,107,-1
0.004795,13,100,-1
0.004806,15,122,-1
0.00482,39,133,1
0.004846,111,142,-1
0.00486,44,29,1
0.004871,80,59,1
0.004882,102,71,1
0.00489,33,82,-1
0.004893,144,83,1
0.004894,30,83,1
0.004901,38,89,1
0.004901,186,88,-1
0.004902,40,90,-1
0.004905,70,96,-1
0.004906,152,109,1
0.00491,110,111,-1
0.00491,147,105,-1
0.00491,30,99,-1
0.004918,68,102,-1
0.004925,132,125,-1
0.004942,2,133,1
0.004963,27,141,-1
0.004963,64,141,-1
0.004967,114,143,-1
0.004971,98,148,1
0.004971,107,148,-1
0.004972,116,147,-1
0.004976,44,29,1
0.004986,73,58,1
0.005001,102,71,1
0.005001,98,79,1
0.005001,169,79,-1
0.005009,168,80,-1
0.005009,60,84,1
0.005009,34,83,-1
0.005012,37,88,1
0.005016,42,91,1
0.005031,27,100,-1
0.005031,38,100,1
0.00506,44,123,-1
0.00506,143,122,1
0.00506,54,125,1
0.005064,33,119,-1
0.005093,35,140,1
0.005097,4,141,-1
0.005101,82,145,-1
0.005101,101,146,-1
0.005101,144,148,-1
0.005101,112,147,-1
0.005102,44,29,1
0.005102,88,24,-1
0.005124,102,71,1
0.005124,52,80,-1
0.005128,35,82,1
0.005135,31,83,1
0.005196,148,119,1
0.005211,24,132,1
0.005211,22,131,1
0.005211,1,133,1
0.005212,35,135,1
0.005212,66,135,-1
0.005219,13,140,-1
0.005219,36,140,1
0.005227,183,141,-1
0.005227,54,143,-1
0.005227,74,143,1
0.005231,151,148,-1
0.005231,100,147,-1
0.005235,44,29,1
0.005243,87,11,-1
0.005254,81,60,1
0.005254,83,60,1
0.005261,102,71,1
0.005269,19,77,-1
0.005269,47,77,1
0.005276,142,83,1
0.005284,40,87,1
0.005302,40,100,1
0.005305,185,101,1
0.005316,60,109,-1
0.005317,149,111,1
0.005321,157,110,-1
0.005321,38,120,1
0.005321,4,119,-1
0.005325,64,115,1
0.00535,37,135,1
0.005354,60,136,1
0.005358,41,141,1
0.005376,185,148,1
0.005376,82,147,1
0.005384,44,29,1
0.00542,102,71,1
0.005427,105,79,1
0.005427,169,77,-1
0.005431,35,81,1
0.005431,102,80,1
0.005439,44,88,1
0.005443,28,97,1
0.005443,39,97,1
0.005447,46,90,1
0.005454,54,99,1
0.005465,151,105,-1
0.005469,148,111,1
0.005483,4,121,-1
0.005494,8,122,-1
0.005498,44,131,1
0.005498,45,131,1
0.005534,114,144,1
0.005538,83,147,1
0.005552,44,29,1
0.005563,88,9,-1
0.005567,74,59,1
0.005571,57,58,1
0.005586,102,71,1
0.005586,15,71,-1
0.005604,34,81,1
0.005604,76,81,1
0.00561,131,82,1
0.00561,61,85,1
0.005632,53,100,1
0.00565,150,108,1
0.00565,154,112,1
0.005658,24,118,1
0.005658,152,120,-1
0.005669,110,122,1
0.005705,25,139,1
0.005705,112,144,1
0.005716,105,149,1
0.005723,44,29,1
0.005738,83,59,1
0.005742,60,58,1
0.005767,102,71,1
0.005778,75,80,-1
0.005778,169,79,-1
0.005785,32,81,1
0.005785,168,80,-1
0.005793,52,88,1
0.0058,41,95,-1
0.005804,65,90,1
0.005808,37,100,1
0.005819,58,105,1
0.005819,57,106,-1
0.00582,147,108,1
0.005831,7,118,-1
0.005842,21,127,1
0.005842,142,121,1
0.005849,21,131,1
0.00585,8,133,1
0.005853,63,136,1
0.005853,66,136,1
0.005861,54,142,1
0.005865,40,140,1
0.005876,100,148,1
0.005876,146,146,1
0.005876,179,148,1
0.005876,189,148,-1
0.005884,55,17,1
0.005888,44,29,1
0.005895,78,59,1
0.005924,53,72,1
0.005924,102,71,1
0.005935,107,79,1
0.005939,45,77,1
0.005939,79,82,1
0.005943,31,83,1
0.005947,41,87,1
0.005954,63,95,1
0.005955,42,89,1
0.005955,56,89,1
0.005955,60,92,1
0.005962,7,102,1
0.005973,61,106,1
0.00598,16,111,1
0.005992,62,118,1
0.005996,23,117,1
0.00601,6,133,1
0.006046,97,148,1
0.006046,108,148,-1
0.00605,174,148,1
0.00605,189,149,1
0.006054,44,29,1
0.006058,48,20,-1
0.006067,29,5,1
0.006071,81,59,1
0.006081,81,60,1
0.006096,102,71,1
0.006107,94,80,1
0.006107,169,77,-1
0.006132,36,89,1
0.006165,146,108,1
0.006172,39,119,1
0.00618,49,129,1
0.00618,144,123,1
0.006184,23,131,1
0.006184,47,130,1
0.006184,27,133,1
0.006188,19,138,1
0.006188,30,138,1
0.006192,64,135,-1
0.006196,56,142,1
0.006196,41,141,1
0.006211,19,143,1
0.006211,159,147,1
0.006243,44,29,1
0.00629,61,40,-1
0.006294,102,71,1
0.006305,88,79,1
0.006312,43,77,1
0.006312,57,82,1
0.006323,152,87,-1
0.006327,151,85,-1
0.006327,63,89,1
0.006327,64,89,1
0.006363,25,104,1
0.006385,59,121,1
0.006399,7,133,1
0.006399,10,133,1
0.006403,46,130,1
0.006407,65,136,1
0.006411,28,136,1
0.006422,29,140,1
0.006422,38,140,1
0.006425,27,139,1
0.006433,108,142,1
0.006437,147,146,1
0.006437,148,146,1
0.006441,181,148,1
0.006444,185,150,-1
0.006455,51,18,1
0.00647,44,29,1
0.006495,60,38,-1
0.006499,50,59,1
0.006499,53,58,1
0.006499,56,58,1
0.006499,59,58,1
0.006525,102,71,1
0.006525,56,71,1
0.006532,96,79,1
0.006532,169,79,-1
0.006536,46,77,1
0.006547,168,80,-1
0.006548,58,84,-1
0.006551,43,88,1
0.006555,61,92,1
0.00658,24,101,1
0.00658,39,101,1
0.006595,59,105,1
0.006599,40,113,1
0.00661,29,118,1
0.00661,61,119,1
0.006614,11,123,-1
0.006614,19,123,1
0.006622,41,132,1
0.006622,42,132,1
0.006622,25,134,1
0.006629,34,135,1
0.006633,46,141,1
0.006641,48,145,1
0.006641,92,146,-1
0.006646,156,147,1
0.006664,53,18,1
0.006678,44,29,1
0.006714,77,59,1
0.006714,75,58,1
0.006715,52,57,1
0.006722,73,60,1
0.006737,102,71,1
0.006737,61,67,1
0.006741,89,79,1
0.006741,169,77,-1
0.006741,154,79,1
0.006752,104,81,1
0.006756,128,82,1
0.00676,184,87,1
0.006796,36,101,1
0.006803,46,103,1
0.006825,58,109,1
0.006843,56,124,1
0.006854,18,134,1
0.006854,19,134,1
0.006854,26,134,1
0.006854,5,133,1
0.006854,9,133,1
0.006858,61,136,1
0.006869,58,142,1
0.006873,30,140,1
0.006873,40,140,1
0.006877,109,144,1
0.006877,96,146,-1
0.006934,44,29,1
0.006974,38,58,1
0.006974,61,58,1
0.006978,73,59,1
0.006978,72,58,1
0.006982,60,61,1
0.006993,102,71,1
0.007,139,79,1
0.007005,48,77,1
0.007019,33,81,1
0.007019,36,81,1
0.00702,59,84,1
0.00702,143,83,1
0.00702,58,83,1
0.007021,59,85,1
0.007028,41,89,1
0.007039,38,93,-1
0.007039,66,93,1
0.007039,64,94,1
0.007043,32,96,1
0.007045,2,101,1
0.007049,43,99,1
0.007049,54,98,1
0.007049,4,103,1
0.00706,66,112,1
0.00706,150,111,1
0.00706,154,111,1
0.007086,140,118,1
0.007093,62,117,1
0.007104,55,124,1
0.007104,20,127,1
0.007104,52,127,1
0.007108,17,134,1
0.007108,27,134,1
0.007108,41,133,1
0.007109,12,133,1
0.007116,58,136,1
0.007127,8,142,1
0.007127,45,141,1
0.007145,96,148,1
0.007145,155,147,1
0.007157,72,175,1
0.007168,55,18,1
0.007182,44,29,1
0.007207,66,46,1
0.007229,58,60,1
0.007229,72,59,1
0.007229,82,59,1
0.007229,51,59,1
0.007229,62,59,1
0.00723,53,57,1
0.00723,72,57,1
0.00723,75,61,1
0.00723,82,61,1
0.007252,102,71,1
0.00726,63,67,1
0.007264,72,80,1
0.007264,97,79,1
0.007264,153,79,1
0.007264,169,79,-1
0.007268,44,77,1
0.007282,168,80,-1
0.007283,30,83,1
0.007297,35,89,-1
0.007297,49,89,1
0.007308,27,97,1
0.007316,31,100,1
0.007316,39,100,1
0.007323,5,102,1
0.007327,57,105,1
0.007327,9,104,1
0.007328,23,107,1
0.007339,28,112,1
0.00735,25,118,1
0.007382,18,127,1
0.007393,11,134,1
0.007393,39,133,1
0.007393,4,133,1
0.007394,23,132,1
0.007397,29,137,1
0.007397,67,136,1
0.007401,36,135,1
0.007405,47,141,1
0.007406,185,141,-1
0.007409,28,139,1
0.00741,73,143,1
0.00741,107,142,1
0.00741,185,142,-1
0.007421,160,147,1
0.007421,161,147,1
0.007425,175,148,1
0.007463,60,18,1
0.007467,53,17,1
0.007467,53,16,1
0.007478,44,29,1
0.007518,75,59,1
0.007518,80,59,1
0.007522,44,58,1
0.007526,76,60,1
0.007526,84,60,1
0.007526,88,60,1
0.00753,82,62,1
0.007558,102,71,1
0.007569,63,65,1
0.007575,8,81,1
0.007575,169,77,-1
0.007579,5,76,1
0.007583,2,75,1
0.007583,69,82,1
0.007594,48,88,1
0.007594,177,87,-1
0.007594,40,87,1
0.007598,50,89,1
0.007606,32,92,-1
0.007606,48,95,1
0.007606,41,97,1
0.007614,44,101,1
0.007622,6,102,1
0.007625,13,105,1
0.007636,148,108,1
0.007647,57,111,1
0.007651,36,120,1
0.007676,57,123,1
0.007694,48,129,1
0.007698,25,133,1
0.007698,26,133,1
0.007699,9,134,1
0.007699,14,134,1
0.007706,62,136,1
0.00771,27,135,1
0.00771,28,135,1
0.00771,29,136,1
0.007711,71,142,1
0.007718,21,139,1
0.007718,23,143,1
0.007722,115,144,1
0.007722,145,145,1
0.007723,86,147,1
0.007723,99,148,1
0.00773,45,165,1
0.007759,49,14,1
0.007763,29,5,1
0.007763,54,18,1
0.007764,37,20,1
0.007782,44,29,1
0.007782,38,32,1
0.007793,38,33,1
0.007793,38,40,1
0.00785,81,61,1
0.00785,83,61,1
0.007851,72,60,1
0.007851,74,60,1
0.007855,63,64,1
0.007855,102,71,1
0.007855,42,71,1
0.007877,36,80,1
0.007877,73,80,1
0.007877,99,79,1
0.007881,41,77,1
0.007881,47,77,1
0.007891,54,74,1
0.007893,142,81,1
0.007896,32,81,1
0.007897,19,85,1
0.007897,145,83,1
0.007897,31,83,1
0.007905,51,87,1
0.007905,58,87,1
0.007905,37,88,1
0.007905,45,90,1
0.007905,56,90,1
0.007905,64,90,1
0.007906,54,89,1
0.007906,65,89,1
0.007906,16,93,1
0.007906,58,92,1
0.007907,43,91,1
0.007907,40,93,1
0.007914,29,97,1
0.007914,50,96,1
0.007932,13,103,1
0.007933,12,104,1
0.007937,62,106,-1
0.007948,143,111,1
0.007948,146,112,1
0.007948,151,112,1
0.007948,144,110,1
0.007949,151,109,1
0.007964,153,116,1
0.007975,154,122,1
0.007978,32,124,1
0.007986,52,126,1
0.007989,50,128,1
0.007993,1,133,1
0.007993,11,133,1
0.007993,23,133,1
0.008004,20,138,1
0.008004,35,138,1
0.008015,64,142,1
0.008019,28,140,1
0.008019,39,140,1
0.008019,42,140,1
0.008019,44,140,1
0.00802,70,138,1
0.00802,70,143,1
0.008024,66,146,1
0.008028,149,146,1
0.008032,167,148,1
0.008032,177,148,1
0.008032,184,148,1
0.008032,184,149,1
0.008032,99,169,1
0.008033,110,170,1
0.008061,51,15,1
0.008072,87,5,-1
0.008076,39,20,1
0.00808,39,18,1
0.00808,49,18,1
0.00808,51,17,1
0.00808,59,17,1
0.00808,140,16,1
0.008084,54,20,1
0.008092,44,29,1
0.008106,64,24,1
0.008124,41,47,1
0.008126,39,48,1
0.008126,35,46,1
0.008134,60,52,1
0.008152,52,56,1
0.008156,60,60,1
0.008156,63,60,1
0.008156,71,59,1
0.008156,88,59,1
0.008156,53,59,1
0.008157,54,57,1
0.008157,49,58,1
0.008157,54,58,1
0.008157,28,63,1
0.008157,62,63,1
0.008157,77,62,1
0.008157,82,62,1
0.008162,85,61,1
0.008162,86,61,1
0.00818,41,72,1
0.00818,102,71,1
0.008191,100,79,1
0.008191,169,79,-1
0.008191,5,80,1
0.008191,169,77,-1
0.008199,56,75,1
0.008213,124,81,1
0.008213,168,80,-1
0.008217,8,84,1
0.008217,9,84,1
0.008217,10,86,1
0.008221,45,88,1
0.008221,54,88,1
0.008221,63,88,1
0.008225,34,94,1
0.008225,61,93,1
0.008229,32,96,1
0.008229,33,96,1
0.008233,48,91,1
0.008237,47,89,1
0.008251,33,98,1
0.008252,8,102,1
0.008252,54,101,1
0.008256,7,104,1
0.008256,25,104,1
0.008256,8,105,1
0.008256,7,106,1
0.008257,25,107,1
0.008264,32,112,1
0.008282,145,118,1
0.008289,15,116,1
0.0083,10,122,-1
0.008308,51,127,1
0.008308,60,127,1
0.008308,106,127,1
0.008312,25,128,-1
0.008312,29,129,-1
0.008312,3,133,1
0.008312,8,133,1
0.008313,7,134,1
0.008313,8,134,1
0.008319,45,130,1
0.008319,33,135,1
0.008319,142,135,1
0.008323,31,140,1
0.008323,103,139,1
0.008327,189,141,-1
0.008331,110,143,1
0.008342,84,147,1
0.008342,85,147,1
0.008342,87,147,1
0.008342,88,147,1
0.008342,98,148,1
0.008343,112,149,1
0.008343,183,148,1
0.008389,48,9,-1
0.008393,49,15,1
0.008393,53,15,1
0.008393,62,15,1
0.008425,61,19,1
0.008426,59,18,1
0.008426,43,18,1
0.008426,58,17,1
0.00843,35,22,1
0.008441,44,29,1
0.008445,37,31,1
0.008456,52,25,1
0.008456,53,25,1
0.008456,32,25,1
0.008481,51,48,1
0.008485,38,46,1
0.008496,37,51,1
0.008496,51,51,1
0.008507,67,53,1
0.008518,63,59,1
0.008518,68,58,1
0.008518,79,58,1
0.008519,76,59,1
0.008519,60,57,1
0.008522,100,57,1
0.008523,44,64,1
0.008523,74,62,1
0.008523,76,62,1
0.008523,80,62,1
0.008523,83,62,1
0.008524,75,60,1
0.008535,83,64,1
0.008539,1,73,1
0.008539,102,71,1
0.008543,42,70,1
0.008543,27,69,1
0.008543,122,78,1
0.008547,42,77,1
0.008551,36,75,1
0.008551,37,76,1
0.008559,125,81,1
0.008559,9,82,1
0.008559,19,82,1
0.008559,74,81,1
0.008559,60,84,1
0.008559,135,83,1
0.00856,69,83,1
0.00856,62,86,1
0.008564,21,88,1
0.008564,43,87,1
0.008564,134,87,1
0.008564,149,87,1
0.008565,34,95,1
0.008576,39,91,1
0.008576,46,91,1
0.008576,40,92,1
0.008576,13,90,1
0.008576,38,89,1
0.008587,62,98,1
0.008591,10,103,1
0.008592,10,102,1
0.008606,30,109,1
0.008606,33,109,1
0.008606,151,108,1
0.008606,184,107,1
0.00861,23,113,1
0.00861,142,112,1
0.008611,25,112,1
0.008611,145,109,1
0.008611,35,111,1
0.008612,40,121,-1
0.008612,141,120,1
0.008612,151,120,-1
0.008612,60,120,1
0.008612,27,119,1
0.008616,16,117,1
0.008616,22,117,1
0.00862,47,114,1
0.008621,26,115,1
0.008621,37,115,1
0.008621,56,123,1
0.008621,64,122,1
0.008621,155,121,1
0.008622,39,124,1
0.008622,28,125,-1
0.008622,55,125,1
0.008637,6,133,1
0.008637,7,133,1
0.008637,188,132,1
0.008645,19,135,1
0.008645,88,134,1
0.008649,29,138,1
0.008649,34,140,1
0.00866,128,145,1
0.008674,136,146,1
0.008674,162,147,1
0.008674,163,147,1
0.008675,164,148,1
0.008675,185,148,1
0.008675,190,149,1
0.008686,97,169,1
0.008704,189,176,1
0.008708,187,175,1
0.008744,84,10,1
0.008751,50,14,1
0.008758,58,18,1
0.008762,54,16,1
0.008762,60,16,1
0.008763,56,17,1
0.008777,44,29,1
0.008781,52,31,1
0.008781,64,31,1
0.008799,82,32,1
0.00881,39,39,1
0.008817,25,47,1
0.008828,51,44,1
0.008832,44,52,1
0.008832,52,52,1
0.008836,51,49,1
0.00885,42,56,1
0.008851,61,59,1
0.008851,74,58,1
0.008851,87,58,1
0.008852,57,60,1
0.008852,39,58,1
0.008852,87,57,1
0.008853,59,57,1
0.008881,102,71,1
0.008885,58,70,1
0.008889,126,79,1
0.008889,169,79,-1
0.008889,169,77,-1
0.008911,37,81,1
0.008911,168,80,-1
0.008919,31,83,1
0.008919,132,82,1
0.008919,149,84,1
0.008926,61,88,-1
0.00893,66,94,1
0.00893,51,95,1
0.008931,30,97,1
0.008931,40,97,1
0.008931,43,89,1
0.008931,44,90,1
0.008932,184,91,1
0.00895,8,103,1
0.008954,56,105,1
0.008957,12,106,1
0.008961,146,108,1
0.008965,36,110,1
0.008965,148,110,-1
0.008966,41,112,1
0.00897,31,121,1
0.00897,31,120,1
0.008977,63,116,1
0.008977,139,115,1
0.008978,38,117,-1
0.008985,58,122,1
0.008985,143,122,1
0.008989,54,125,1
0.008996,32,128,-1
0.009,10,133,1
0.009004,46,131,1
0.009004,62,130,1
0.009011,60,135,1
0.009019,103,138,1
0.009019,37,140,1
0.009019,41,140,1
0.009019,11,142,1
0.009019,72,142,1
0.00902,48,141,1
0.009031,81,144,-1
0.009031,182,148,1
0.009038,182,147,1
0.009039,185,153,1
0.009039,175,155,1
0.009043,111,170,1
0.009047,94,169,1
0.009061,189,178,1
0.00909,63,1,1
0.009136,52,19,1
0.009136,56,19,1
0.009136,62,19,1
0.00914,85,16,1
0.009144,146,20,1
0.009148,39,23,1
0.009155,64,24,1
0.009155,63,26,1
0.009159,44,29,1
0.009191,37,37,1
0.009192,43,47,1
0.009197,39,46,1
0.009211,62,48,1
0.009228,68,53,1
0.009228,42,55,1
0.009232,36,59,1
0.009233,56,60,1
0.009233,57,57,1
0.009233,55,58,1
0.00924,44,61,1
0.009258,102,71,1
0.009269,34,80,1
0.009273,40,77,1
0.009277,66,75,1
0.009288,34,81,1
0.009288,35,81,1
0.009288,100,80,1
0.009288,57,82,1
0.009288,80,82,1
0.009296,61,85,1
0.0093,55,87,1
0.0093,44,88,1
0.0093,51,88,1
0.009315,149,91,1
0.009322,55,89,1
0.009322,133,99,1
0.009326,35,98,1
0.00933,26,102,1
0.009345,189,105,1
0.009345,188,107,1
0.009345,189,106,1
0.009349,42,111,1
0.00936,58,121,1
0.00936,140,119,1
0.009361,65,118,1
0.009367,17,117,1
0.009378,37,123,1
0.009378,140,122,1
0.009382,145,123,1
0.009382,152,123,1
0.009396,1,129,1
0.009397,2,133,1
0.009397,9,133,1
0.009408,35,135,1
0.009408,56,135,1
0.009408,58,135,1
0.009408,59,135,1
0.009409,30,138,1
0.009409,31,138,1
0.009413,57,142,1
0.009413,43,141,1
0.009413,31,139,1
0.009424,109,142,1
0.009428,188,149,1
0.009439,166,147,1
0.009513,29,5,1
0.009548,44,19,1
0.009549,44,17,1
0.009549,61,16,1
0.009553,56,20,1
0.009558,40,23,1
0.009576,44,29,1
0.009625,36,45,1
0.009629,42,50,1
0.009654,58,58,1
0.009655,69,56,1
0.009669,82,60,1
0.009669,85,60,1
0.009669,76,61,1
0.009684,102,71,1
0.009695,169,77,-1
0.009695,169,79,-1
0.009695,37,77,1
0.00972,168,80,-1
0.009734,41,88,1
0.009734,52,87,1
0.009748,47,91,1
0.009759,40,100,1
0.009771,9,102,1
0.009778,25,105,-1
0.009782,27,107,1
0.009818,40,117,-1
0.009839,18,126,1
0.009839,21,126,-1
0.009843,13,130,1
0.009851,5,133,1
0.009851,13,133,1
0.009851,105,132,1
0.009858,32,135,1
0.009858,34,135,1
0.009894,73,144,-1
0.009894,187,149,1
0.009902,100,148,1
0.009902,101,148,1
0.00992,189,167,1
0.009998,51,14,1
0.009998,63,14,1
0.010006,43,19,1
0.010038,44,29,1
0.010073,67,40,-1
0.010106,51,53,1
0.010159,102,71,1
0.010202,30,83,1
0.010202,33,81,1
0.010234,60,92,1
0.010273,144,106,-1
0.010273,148,106,1
0.010277,149,108,1
0.010285,141,109,-1
0.01031,64,115,1
0.010314,142,121,1
0.010321,55,124,1
0.010328,49,128,1
0.010336,12,133,1
0.010336,24,132,1
0.010336,44,131,1
0.010336,23,131,1
0.010354,3,140,-1
0.010358,89,145,-1
0.010369,189,149,1
0.01037,146,146,1
0.01037,148,146,1
0.01037,165,147,1
0.010374,70,164,1
0.010459,46,17,1
0.010459,52,16,1
0.010477,42,23,1
0.010492,44,29,1
0.010531,57,47,1
0.010578,85,58,1
0.010578,79,59,1
0.010603,102,71,1
0.010606,41,71,1
0.010614,48,77,1
0.010618,169,79,-1
0.010618,73,79,-1
0.010618,169,77,-1
0.010633,76,81,1
0.010633,168,80,-1
0.010636,57,83,-1
0.010637,31,84,-1
0.010637,59,86,-1
0.010641,40,87,1
0.010645,35,95,1
0.010654,181,91,1
0.010654,34,90,-1
0.010676,25,104,1
0.010701,140,120,1
0.010738,53,126,1
0.010745,39,133,1
0.010745,60,133,-1
0.010745,41,132,1
0.01076,66,136,1
0.01076,10,140,-1
0.010771,86,145,-1
0.010771,92,145,-1
0.010772,98,146,-1
0.010772,100,146,-1
0.010772,103,146,-1
0.010772,104,146,-1
0.010772,65,144,-1
0.010772,74,144,-1
0.010776,118,147,-1
0.010776,122,147,-1
0.010833,47,6,-1
0.010844,48,16,1
0.010844,48,15,1
0.010887,44,29,1
0.010965,52,58,1
0.010966,61,57,1
0.010998,102,71,1
0.011016,74,80,1
0.011034,32,81,1
0.011034,78,81,-1
0.011038,58,83,1
0.011038,144,83,1
0.011042,32,85,-1
0.011045,41,87,1
0.011053,40,95,-1
0.01106,39,90,1
0.011064,38,91,-1
0.011064,11,100,-1
0.011075,54,103,-1
0.011082,187,105,1
0.01109,144,109,1
0.011094,147,111,1
0.011098,47,121,-1
0.011098,15,120,-1
0.011098,144,119,-1
0.011102,36,119,-1
0.011106,65,114,1
0.011127,16,134,1
0.011127,8,133,1
0.011127,11,133,1
0.011128,46,130,1
0.011139,7,140,-1
0.011139,12,140,-1
0.011139,30,139,1
0.011143,41,142,-1
0.011143,109,141,-1
0.011147,139,145,-1
0.011151,60,143,-1
0.011151,121,147,-1
0.011151,147,146,1
0.011152,137,147,-1
0.011159,45,167,1
0.011166,186,180,1
0.011259,44,29,1
0.011298,52,48,1
0.011298,68,47,1
0.01133,85,57,1
0.011338,80,59,1
0.011338,85,59,1
0.011338,86,60,1
0.011352,102,71,1
0.01136,46,77,1
0.011364,169,77,-1
0.011364,76,80,-1
0.011364,169,79,-1
0.011375,32,82,-1
0.011375,79,82,1
0.011375,168,80,-1
0.011376,35,83,-1
0.01138,60,86,-1
0.011383,37,88,1
0.011383,52,88,1
0.011387,64,95,-1
0.011395,43,90,1
0.011399,38,100,1
0.011438,143,118,-1
0.011439,62,117,1
0.011453,23,127,-1
0.011453,30,134,1
0.011457,22,131,1
0.011461,39,138,-1
0.011468,8,141,-1
0.011468,22,141,-1
0.011469,42,142,-1
0.011469,113,144,1
0.011473,79,144,-1
0.01148,139,147,-1
0.011498,29,5,1
0.01152,50,9,-1
0.011527,61,15,1
0.011567,44,29,1
0.011638,76,58,1
0.011648,102,71,1
0.011667,47,77,1
0.01167,92,79,1
0.011699,39,87,1
0.011699,188,87,-1
0.011703,53,86,1
0.011703,32,96,1
0.011703,65,95,-1
0.011707,60,94,-1
0.011707,39,93,-1
0.011707,49,89,1
0.011715,11,103,1
0.011719,186,102,1
0.011733,142,108,-1
0.011733,1,113,-1
0.011751,9,117,-1
0.011762,21,127,1
0.011763,26,128,-1
0.011763,31,128,-1
0.011767,10,133,1
0.011774,22,138,1
0.011774,27,138,-1
0.011774,67,135,-1
0.011775,4,140,-1
0.011775,29,139,1
0.011775,23,141,-1
0.011775,26,141,-1
0.01179,140,147,-1
0.01179,183,147,1
0.01179,119,147,-1
0.011823,65,14,1
0.011869,44,29,1
0.011922,30,54,-1
0.011944,102,71,1
0.011966,53,79,-1
0.011976,31,83,1
0.011977,30,84,-1
0.011991,31,96,1
0.011999,42,89,1
0.012002,56,102,-1
0.012002,186,101,1
0.012003,63,101,-1
0.012021,57,112,-1
0.012028,145,120,-1
0.012029,38,120,1
0.012033,15,119,-1
0.012033,60,119,1
0.012033,148,118,-1
0.012037,1,116,-1
0.012048,34,126,-1
0.012051,27,134,1
0.012051,9,133,1
0.012051,14,133,1
0.012052,64,130,-1
0.012059,59,135,1
0.01206,59,134,-1
0.01206,36,140,1
0.01206,43,140,1
0.01206,71,138,-1
0.012068,102,146,-1
0.012068,114,144,1
0.012068,51,144,-1
0.012068,115,143,-1
0.012069,47,143,-1
0.01214,44,29,1
0.012147,65,45,1
0.012201,102,71,1
0.012212,55,80,-1
0.012212,169,79,-1
0.012212,169,77,-1
0.012234,168,80,-1
0.012234,65,86,-1
0.012234,58,85,-1
0.012234,151,84,-1
0.012242,64,91,-1
0.012249,58,105,1
0.01226,21,107,-1
0.01226,51,109,-1
0.012261,59,110,-1
0.012268,156,119,1
0.012268,17,121,-1
0.012276,39,117,-1
0.012276,42,115,-1
0.012287,35,126,-1
0.012287,38,126,-1
0.012291,29,128,-1
0.012291,38,134,1
0.012291,63,133,-1
0.012292,7,133,1
0.012292,43,131,1
0.012296,60,135,1
0.012296,66,134,-1
0.0123,5,140,-1
0.0123,8,140,-1
0.0123,14,140,-1
0.012307,28,141,-1
0.012315,53,143,-1
0.012315,153,148,-1
0.012315,185,148,1
0.012316,164,149,-1
0.012323,72,166,1
0.012327,190,172,1
0.012338,46,6,-1
0.01237,44,29,1
0.012416,49,72,-1
0.012416,102,71,1
0.012431,17,75,-1
0.012438,31,84,-1
0.012438,60,84,1
0.012457,33,90,-1
0.012482,59,107,-1
0.012496,61,118,1
0.012503,38,121,-1
0.012507,40,125,-1
0.012507,56,123,1
0.012508,148,121,-1
0.012515,33,128,-1
0.012515,34,128,-1
0.012515,26,133,1
0.012519,19,131,1
0.012523,58,135,1
0.012534,43,139,-1
0.012534,20,141,-1
0.012545,56,144,-1
0.012545,78,144,-1
0.012545,82,144,-1
0.012546,179,146,1
0.012553,182,150,-1
0.012568,50,7,-1
0.0126,44,29,1
0.012622,56,58,1
0.012624,51,57,1
0.012635,102,71,1
0.01265,48,73,-1
0.012656,133,82,1
0.012671,42,85,-1
0.012671,61,87,-1
0.012682,62,91,-1
0.012682,63,91,-1
0.012682,48,93,-1
0.012686,55,101,-1
0.012686,60,101,-1
0.012694,35,101,1
0.012694,31,98,-1
0.012694,7,99,-1
0.012694,29,99,-1
0.012695,35,109,-1
0.012695,146,108,1
0.012695,146,105,-1
0.01271,37,118,-1
0.01271,35,119,-1
0.012717,29,116,-1
0.012718,37,126,-1
0.012718,52,126,1
0.012722,27,128,-1
0.012726,14,122,-1
0.012726,25,122,-1
0.012726,45,122,-1
0.012726,149,121,-1
0.01274,60,134,-1
0.012741,44,138,-1
0.012741,2,140,-1
0.012752,101,146,-1
0.012756,64,144,-1
0.012777,54,7,-1
0.012802,44,29,1
0.012813,66,44,1
0.012824,87,56,1
0.012839,102,71,1
0.012843,169,77,-1
0.012854,33,84,-1
0.012854,59,84,1
0.012861,79,81,-1
0.012865,31,85,-1
0.012865,152,84,-1
0.012869,63,89,1
0.012869,41,92,-1
0.012873,36,101,1
0.012873,26,100,-1
0.012884,57,101,-1
0.012899,146,117,-1
0.012899,154,117,-1
0.012903,16,121,-1
0.012903,2,117,-1
0.012903,28,116,-1
0.012911,30,124,-1
0.012911,12,122,-1
0.012911,16,122,-1
0.012911,146,121,-1
0.012915,13,133,1
0.012915,15,133,1
0.012933,15,140,-1
0.012933,40,140,1
0.012937,35,142,-1
0.012937,43,142,-1
0.012948,60,144,-1
0.012966,49,10,-1
0.012977,55,7,-1
0.012992,44,29,1
0.013006,56,38,-1
0.013031,102,71,1
0.013032,169,79,-1
0.01305,168,80,-1
0.013054,50,86,1
0.013054,40,88,-1
0.013054,63,92,-1
0.013054,59,89,-1
0.013055,36,90,-1
0.013062,12,100,-1
0.013066,25,104,1
0.013066,63,103,-1
0.013081,5,119,-1
0.013081,2,118,-1
0.013099,42,124,-1
0.013099,46,122,-1
0.013114,31,138,1
0.013118,65,134,-1
0.013121,27,139,1
0.013132,130,145,1
0.013133,90,145,-1
0.013133,83,144,-1
0.013133,120,147,-1
0.013137,190,149,1
0.013137,131,149,-1
0.013159,44,29,1
0.013198,102,71,1
0.013245,34,101,1
0.013252,23,103,-1
0.013252,53,103,-1
0.013256,20,108,-1
0.01326,157,111,-1
0.013267,4,118,-1
0.013275,3,116,-1
0.013275,36,127,-1
0.013282,13,122,-1
0.013297,37,137,-1
0.013304,52,139,-1
0.013322,117,147,-1
0.013337,44,29,1
0.013348,44,7,-1
0.013355,65,38,-1
0.01336,53,57,1
0.013363,75,58,1
0.013381,102,71,1
0.013399,33,82,-1
0.01341,60,85,-1
0.01341,59,96,-1
0.013414,42,93,-1
0.013422,67,89,-1
0.013422,10,100,-1
0.013422,25,100,-1
0.013422,65,99,-1
0.013426,8,99,-1
0.013426,37,99,-1
0.013437,140,111,-1
0.013437,10,119,-1
0.013437,140,118,1
0.013445,153,119,-1
0.013452,150,124,1
0.013456,47,122,-1
0.013456,57,122,1
0.01346,30,128,-1
0.01346,39,133,1
0.013461,12,133,1
0.013461,25,132,1
0.013461,32,138,1
0.013462,38,137,-1
0.013462,33,135,1
0.013462,61,135,1
0.013466,183,139,-1
0.013466,13,142,1
0.013466,44,142,-1
0.013466,45,142,-1
0.013474,93,145,-1
0.013496,44,29,1
0.0135,89,25,-1
0.013518,50,39,-1
0.013518,52,39,-1
0.013518,54,38,-1
0.013518,70,39,-1
0.013547,102,71,1
0.013547,91,79,1
0.013547,169,77,-1
0.013558,13,82,-1
0.013558,34,81,1
0.013566,42,88,1
0.013566,169,86,-1
0.013573,46,93,-1
0.013577,47,90,-1
0.013581,28,100,-1
0.013585,55,102,-1
0.013592,46,110,-1
0.013596,152,112,-1
0.0136,11,118,-1
0.013608,9,116,-1
0.013608,11,116,-1
0.013608,63,116,1
0.013608,44,114,-1
0.013616,42,122,-1
0.013616,147,121,-1
0.013616,34,127,-1
0.013616,19,130,-1
0.013617,26,132,1
0.013631,45,137,-1
0.013631,40,138,-1
0.013646,55,143,-1
0.013646,62,143,-1
0.013646,76,143,-1
0.01365,91,145,-1
0.01365,94,145,-1
0.013654,138,147,-1
0.013654,143,147,-1
0.013665,44,29,1
0.013672,43,7,-1
0.013687,67,39,-1
0.013691,58,57,1
0.013691,103,59,-1
0.013709,102,71,1
0.013709,21,79,-1
0.013709,90,79,1
0.01371,169,79,-1
0.013717,59,82,-1
0.013721,32,84,-1
0.013721,185,86,-1
0.013722,61,88,-1
0.013726,40,94,-1
0.013729,32,92,-1
0.013729,33,91,-1
0.013729,37,91,-1
0.013734,68,90,-1
0.013737,11,99,-1
0.013737,13,99,-1
0.013745,34,107,-1
0.013749,58,111,-1
0.01377,145,123,1
0.013771,30,122,1
0.013771,51,127,1
0.013775,28,128,-1
0.013782,11,133,1
0.013793,48,138,-1
0.013793,28,139,1
0.013793,44,139,-1
0.013794,16,140,-1
0.013794,17,140,-1
0.013794,18,140,-1
0.013794,46,142,-1
0.013805,58,143,-1
0.013816,29,5,1
0.013824,58,16,1
0.013828,44,29,1
0.013839,54,40,-1
0.013839,69,39,-1
0.013843,52,57,1
0.013864,102,71,1
0.013864,56,80,-1
0.013872,168,80,-1
0.013901,32,97,-1
0.013901,66,95,-1
0.013905,28,99,-1
0.013905,43,99,1
0.013909,151,108,1
0.013913,21,106,-1
0.013913,29,110,1
0.01392,14,119,-1
0.01392,16,119,-1
0.01392,50,119,-1
0.01392,150,118,1
0.013924,15,121,-1
0.013924,58,121,1
0.013928,35,124,-1
0.013932,1,132,1
0.01394,66,133,-1
0.013944,25,137,-1
0.013944,33,137,1
0.013948,11,140,-1
0.013948,62,140,-1
0.013952,21,142,-1
0.013955,88,145,-1
0.013959,86,147,1
0.01396,141,147,-1
0.013963,187,150,-1
0.013971,46,8,-1
0.013971,44,29,1
0.01401,102,71,1
0.014014,76,78,-1
0.014018,31,82,1
0.014026,154,85,-1
0.014036,37,90,-1
0.014044,48,96,-1
0.014044,53,100,1
0.014044,57,100,1
0.014045,36,99,1
0.014045,43,102,-1
0.014049,38,110,-1
0.014053,145,112,-1
0.01406,23,108,-1
0.014067,34,124,-1
0.014067,55,124,1
0.014075,22,126,-1
0.014075,30,126,-1
0.014082,17,133,1
0.014083,61,133,-1
0.014083,29,136,1
0.014083,58,134,-1
0.014087,45,140,1
0.014091,30,142,-1
0.014091,47,142,-1
0.014102,89,147,1
0.014102,133,147,-1
0.014103,140,149,-1
0.01411,44,29,1
0.014135,79,60,1
0.014146,102,71,1
0.014146,106,79,1
0.014154,31,83,1
0.014154,93,83,-1
0.014161,179,87,-1
0.014169,18,91,-1
0.014169,33,95,1
0.014169,47,93,-1
0.014184,66,112,1
0.014188,32,107,-1
0.014192,24,118,1
0.014192,51,118,-1
0.014192,8,119,1
0.014192,13,119,-1
0.014192,35,125,1
0.014196,28,129,-1
0.014204,6,133,1
0.014204,41,132,1
0.014218,26,139,1
0.014222,48,142,-1
0.014222,73,142,1
0.014223,29,141,-1
0.014227,108,146,-1
0.014227,66,144,-1
0.014227,61,143,-1
0.014238,73,176,-1
0.014238,52,14,1
0.014242,44,29,1
0.014271,31,54,-1
0.014271,89,49,-1
0.014275,102,71,1
0.014275,55,68,-1
0.014276,169,77,-1
0.01428,78,78,-1
0.014283,30,83,1
0.014283,48,83,-1
0.014283,92,83,-1
0.014288,31,85,-1
0.014288,150,84,-1
0.014288,181,87,-1
0.014288,170,86,-1
0.014292,62,89,1
0.014303,39,96,-1
0.014303,52,103,-1
0.014304,25,105,-1
0.014304,67,104,-1
0.014308,153,109,1
0.014312,33,107,-1
0.014312,61,107,-1
0.014323,52,117,-1
0.01433,21,126,-1
0.01433,15,123,-1
0.014341,4,133,1
0.014341,8,133,1
0.014341,10,133,1
0.014356,115,144,1
0.014356,118,144,-1
0.01436,57,143,-1
0.014367,15,141,1
0.014371,83,147,1
0.014371,105,147,-1
0.014375,155,148,-1
0.014383,44,29,1
0.014422,102,71,1
0.014422,14,71,-1
0.014423,90,78,-1
0.014427,169,79,-1
0.014434,61,85,1
0.014438,166,86,-1
0.014438,168,86,-1
0.014442,47,89,1
0.014442,56,89,1
0.014442,42,90,1
0.014442,62,90,-1
0.014442,65,90,1
0.014443,34,95,1
0.01445,24,102,-1
0.01445,58,99,-1
0.014454,147,110,-1
0.014462,57,109,-1
0.014476,47,129,1
0.01448,150,121,-1
0.01448,44,123,-1
0.014484,23,131,1
0.014488,40,132,1
0.014488,19,134,1
0.014517,59,144,-1
0.014517,68,144,-1
0.014517,88,147,1
0.014518,102,148,1
0.014518,118,148,-1
0.014518,130,148,-1
0.014518,133,149,-1
0.014526,44,29,1
0.014544,54,57,1
0.014558,102,71,1
0.014559,48,77,1
0.014566,32,81,1
0.014566,33,81,1
0.014566,35,81,1
0.014566,168,80,-1
0.014567,32,83,1
0.014574,35,92,1
0.014581,59,94,1
0.014582,58,96,-1
0.014603,145,106,-1
0.014607,155,107,-1
0.014622,49,128,1
0.01464,25,133,1
0.014644,59,135,1
0.014644,68,135,-1
0.014648,13,140,-1
0.014662,81,144,-1
0.014662,149,146,1
0.014666,134,149,-1
0.014677,44,29,1
0.014692,71,57,1
0.014699,73,58,1
0.014699,77,58,1
0.014707,102,71,1
0.014707,141,77,1
0.014707,90,76,-1
0.014711,130,82,1
0.014711,58,84,-1
0.014722,186,86,-1
0.014733,39,97,1
0.014733,28,103,1
0.014733,113,102,-1
0.014752,147,108,1
0.014759,151,120,-1
0.014759,48,120,-1
0.014777,45,130,1
0.014778,3,132,1
0.014778,14,133,1
0.014778,16,133,1
0.014778,42,132,1
0.014779,39,133,1
0.014779,60,135,1
0.014779,62,135,1
0.014783,32,139,1
0.014783,35,140,1
0.014783,18,141,1
0.014783,19,141,-1
0.014787,130,144,-1
0.014787,145,144,1
0.014788,70,144,-1
0.014788,90,147,1
0.014792,156,148,-1
0.014792,163,149,-1
0.014803,44,29,1
0.014821,56,59,1
0.014832,102,71,1
0.014833,54,68,-1
0.014847,37,88,1
0.014847,40,87,1
0.014847,66,87,-1
0.014848,60,92,1
0.014848,61,92,1
0.01487,2,113,-1
0.01487,24,113,1
0.014874,19,110,-1
0.014877,147,105,-1
0.014881,150,108,1
0.014889,13,120,-1
0.014889,4,117,-1
0.014889,142,121,1
0.01489,13,123,-1
0.01489,33,125,-1
0.014897,1,132,1
0.014908,63,134,-1
0.014919,31,139,1
0.014923,44,141,1
0.01493,17,144,-1
0.01493,84,144,-1
0.014938,132,149,-1
0.014949,44,29,1
0.014971,78,59,1
0.014981,102,71,1
0.014989,169,77,-1
0.014996,28,81,1
0.015004,56,88,1
0.015004,171,86,-1
0.015019,37,100,1
0.015022,59,101,-1
0.015026,67,110,1
0.01503,46,112,-1
0.015034,144,106,-1
0.015045,11,121,-1
0.015045,13,121,-1
0.015049,3,117,-1
0.015049,1,114,-1
0.015049,54,114,-1
0.01505,18,128,-1
0.01505,25,128,-1
0.015071,40,133,1
0.015072,13,133,1
0.015111,99,146,-1
0.015115,148,146,1
0.015119,157,148,-1
0.015123,72,176,-1
0.015123,50,14,1
0.01513,44,29,1
0.015141,56,57,1
0.015145,88,58,1
0.015156,102,71,1
0.015156,38,77,1
0.015157,169,79,-1
0.015178,43,88,1
0.015182,38,89,1
0.015182,188,88,-1
0.01519,60,95,-1
0.015193,14,103,1
0.0152,149,110,-1
0.015211,33,109,1
0.015265,9,133,1
0.015275,28,135,1
0.015286,38,140,1
0.015297,72,145,-1
0.015298,80,144,-1
0.015298,103,148,1
0.015298,142,147,-1
0.015302,135,149,-1
0.015302,184,148,1
0.015306,44,29,1
0.01532,88,40,-1
0.015321,88,42,-1
0.015332,80,59,1
0.015332,89,59,1
0.015346,102,71,1
0.015346,104,79,1
0.015346,105,79,1
0.015361,168,80,-1
0.015361,55,82,-1
0.015361,58,82,1
0.015369,55,87,1
0.015369,50,88,1
0.01537,49,89,1
0.015398,56,112,-1
0.015398,143,111,1
0.015402,24,109,-1
0.015403,33,108,-1
0.015403,143,107,-1
0.015421,62,117,1
0.015421,43,123,-1
0.015421,143,122,1
0.015425,54,125,1
0.015429,48,129,1
0.015429,29,126,-1
0.015437,1,133,1
0.015437,15,133,1
0.015458,37,142,-1
0.015473,50,143,-1
0.015473,187,142,-1
0.015477,100,148,1
0.015481,129,149,-1
0.015484,44,29,1
0.015506,44,5,-1
0.015514,60,40,-1
0.015514,69,40,-1
0.015514,53,39,-1
0.015514,62,38,-1
0.015514,68,38,-1
0.015518,81,59,1
0.015533,102,71,1
0.015533,52,74,1
0.015537,33,79,-1
0.015537,74,79,-1
0.015541,93,76,-1
0.015541,103,80,1
0.015541,53,82,-1
0.015541,80,82,1
0.015542,31,83,1
0.015546,44,88,1
0.015546,180,87,-1
0.015553,45,90,1
0.015553,186,89,-1
0.015564,7,103,1
0.015572,48,100,1
0.015572,68,109,1
0.015572,148,107,1
0.015574,188,105,1
0.015577,140,110,-1
0.015581,154,111,1
0.015585,18,121,1
0.01561,18,126,1
0.015614,22,129,1
0.015614,23,128,-1
0.015615,62,133,-1
0.015626,67,136,1
0.015626,38,138,-1
0.015626,40,138,-1
0.015626,64,135,1
0.01563,110,141,-1
0.01563,183,140,-1
0.01563,188,140,-1
0.015638,112,143,1
0.015638,49,143,-1
0.015638,52,143,-1
0.015638,112,142,-1
0.015642,97,146,-1
0.015643,147,146,1
0.015643,158,147,1
0.015647,64,178,-1
0.015647,67,10,-1
0.015655,29,5,1
0.015655,44,29,1
0.015694,80,60,1
0.015698,52,55,1
0.015698,102,71,1
0.015702,169,77,-1
0.01571,102,80,1
0.015721,41,87,1
0.015721,183,86,-1
0.015732,183,88,-1
0.015735,41,97,1
0.015736,58,95,1
0.015761,143,110,1
0.015761,152,109,1
0.015762,151,111,-1
0.015765,49,120,-1
0.015765,59,120,1
0.015766,25,119,1
0.015777,144,123,1
0.015788,50,127,1
0.015792,38,134,1
0.015792,189,132,1
0.015792,5,133,1
0.015792,12,133,1
0.015792,43,131,1
0.015793,25,131,-1
0.015793,57,135,1
0.015793,58,135,1
0.015793,63,135,1
0.015797,64,136,1
0.015797,65,136,1
0.015808,30,139,1
0.015809,9,140,-1
0.015809,110,144,1
0.015809,148,145,-1
0.015813,178,148,1
0.015814,85,147,1
0.015817,111,178,1
0.015839,44,29,1
0.01585,66,39,-1
0.01585,71,58,1
0.01585,84,59,1
0.015851,57,58,1
0.015862,102,71,1
0.015869,74,80,1
0.015869,169,79,-1
0.015891,53,88,1
0.015891,59,87,1
0.015895,63,90,1
0.015895,60,89,1
0.015895,64,89,1
0.015903,70,102,1
0.015907,35,104,-1
0.015911,23,107,1
0.015911,55,107,1
0.015922,150,111,1
0.015936,142,117,-1
0.015936,33,120,1
0.015954,31,122,-1
0.015955,52,126,1
0.015955,24,132,1
0.015959,65,133,-1
0.015963,61,135,1
0.015974,51,141,1
0.015974,52,141,1
0.015974,40,140,1
0.015978,109,143,1
0.015985,149,145,-1
0.015989,145,147,-1
0.015989,182,147,1
0.016018,44,29,1
0.016025,91,43,-1
0.016026,59,40,-1
0.01603,77,59,1
0.01603,87,59,1
0.01603,52,59,1
0.01603,81,58,1
0.01603,49,57,1
0.016041,102,71,1
0.016056,88,79,1
0.016056,94,78,1
0.01606,34,81,1
0.01606,168,80,-1
0.016082,162,85,-1
0.016107,25,104,1
0.016111,39,100,1
0.016129,36,113,1
0.01614,146,118,1
0.01615,56,123,1
0.016161,24,131,1
0.016162,1,132,1
0.016162,15,134,1
0.016162,18,134,1
0.016162,3,133,1
0.016162,11,133,1
0.016163,34,135,1
0.016163,21,138,1
0.016167,60,142,1
0.016171,23,139,1
0.016171,29,139,1
0.016171,19,140,-1
0.016171,33,140,1
0.016182,84,147,1
0.016182,87,147,1
0.016183,101,148,1
0.016183,185,148,1
0.01619,54,15,1
0.016216,44,29,1
0.016227,82,59,1
0.016248,102,71,1
0.016252,37,75,1
0.016256,33,80,1
0.016256,100,79,1
0.01627,60,84,1
0.01627,145,83,1
0.016271,57,83,-1
0.016271,134,82,1
0.016271,51,88,1
0.016272,39,87,1
0.016272,57,87,1
0.016272,23,86,1
0.016272,39,90,1
0.016272,48,90,1
0.016283,32,95,1
0.016287,44,105,1
0.016287,59,105,1
0.016295,53,101,-1
0.016295,54,99,1
0.016295,25,101,-1
0.016299,19,109,1
0.0163,145,105,-1
0.0163,153,106,-1
0.016307,150,110,-1
0.016311,51,119,-1
0.016311,150,117,-1
0.016333,35,127,-1
0.016333,20,130,1
0.016334,21,131,1
0.016334,44,131,1
0.016334,63,131,-1
0.016334,12,134,1
0.016334,60,133,1
0.016338,17,133,1
0.016338,52,138,1
0.016345,184,141,-1
0.016346,42,141,1
0.016346,74,141,-1
0.01635,111,144,1
0.01635,95,146,-1
0.016357,187,148,1
0.016358,151,150,-1
0.016358,99,148,1
0.016358,157,147,1
0.016369,50,15,1
0.016394,44,29,1
0.016405,56,40,-1
0.016405,70,40,-1
0.016409,67,38,-1
0.016409,74,59,1
0.016409,83,59,1
0.016413,73,57,1
0.016414,50,57,1
0.016425,102,71,1
0.016428,107,79,1
0.016429,169,77,-1
0.016443,127,81,1
0.016451,53,87,1
0.016451,38,88,1
0.016455,31,96,1
0.016455,62,95,1
0.016473,16,104,-1
0.016473,9,103,1
0.016473,12,103,1
0.016477,57,100,1
0.016477,30,100,1
0.016478,61,108,-1
0.016478,68,108,1
0.016478,146,108,1
0.016482,154,106,-1
0.016482,39,113,1
0.016486,21,111,1
0.016486,141,109,-1
0.016487,60,119,1
0.016487,147,118,1
0.016487,181,118,1
0.016495,63,117,1
0.016509,39,125,-1
0.016509,26,128,-1
0.01651,4,132,1
0.01651,19,131,1
0.01651,46,130,1
0.01651,13,134,1
0.016511,18,133,1
0.016511,31,138,1
0.016522,44,140,1
0.016522,185,139,-1
0.016526,21,141,-1
0.01653,184,142,-1
0.01653,188,142,-1
0.016537,171,149,-1
0.016537,189,149,1
0.016577,44,29,1
0.016591,60,7,-1
0.016595,52,38,-1
0.016595,53,40,-1
0.016596,55,60,1
0.016607,77,60,1
0.016607,78,60,1
0.016607,81,60,1
0.01661,77,61,1
0.016614,102,71,1
0.016618,169,79,-1
0.016633,36,81,1
0.016633,34,82,-1
0.016633,146,83,1
0.016637,45,87,1
0.016672,45,104,1
0.016673,64,101,-1
0.016684,65,113,1
0.016687,144,109,1
0.016691,42,111,1
0.016706,13,118,-1
0.016706,61,118,1
0.016713,25,117,1
0.016713,22,116,1
0.016717,57,122,1
0.016725,20,131,1
0.016728,7,133,1
0.016728,14,133,1
0.016728,26,133,1
0.016728,40,132,1
0.016733,35,135,1
0.01674,186,141,-1
0.01674,24,141,-1
0.01674,50,141,1
0.016741,39,140,1
0.016745,112,144,1
0.016752,176,148,1
0.016752,190,149,1
0.01676,183,150,-1
0.016799,44,29,1
0.01681,50,8,-1
0.01681,51,8,-1
0.01681,52,6,-1
0.01681,63,6,-1
0.016821,62,60,1
0.016822,57,59,1
0.016822,78,58,1
0.016822,79,58,1
0.016822,55,57,1
0.016823,68,57,1
0.016823,70,60,1
0.016834,102,71,1
0.016834,57,70,1
0.016838,89,79,1
0.016838,92,79,1
0.016853,78,82,1
0.016853,168,80,-1
0.01686,51,87,1
0.016868,152,85,-1
0.016868,179,85,-1
0.016879,48,89,1
0.016879,62,89,1
0.01689,9,105,1
0.016901,55,99,1
0.016908,33,112,1
0.016909,66,113,1
0.016909,35,110,1
0.016913,60,109,-1
0.016924,30,119,1
0.016924,1,118,-1
0.016931,23,117,1
0.016939,29,124,1
0.016939,53,125,1
0.016939,27,128,-1
0.016947,2,132,1
0.016947,45,130,1
0.016947,10,133,1
0.016947,16,133,1
0.016947,29,133,1
0.016951,59,135,1
0.016951,60,135,1
0.016951,62,135,1
0.016952,36,135,1
0.016959,59,142,1
0.016959,67,142,1
0.016959,187,141,-1
0.016978,111,143,1
0.016978,74,143,1
0.016978,145,142,-1
0.016978,179,148,1
0.016979,91,147,1
0.016979,92,147,1
0.016979,146,146,1
0.017004,54,10,-1
0.017011,52,18,1
0.017011,62,18,1
0.017015,57,17,1
0.017019,55,16,1
0.01703,44,29,1
0.017034,88,43,-1
0.017041,55,39,-1
0.017041,56,39,-1
0.017045,75,59,1
0.017045,54,59,1
0.017045,58,59,1
0.017045,69,58,1
0.017045,74,58,1
0.017071,102,71,1
0.017075,169,77,-1
0.017075,35,80,1
0.017075,39,77,1
0.017076,49,73,-1
0.017083,115,81,1
0.017098,41,88,1
0.017098,149,84,1
0.017098,59,86,-1
0.017098,36,97,1
0.017099,59,95,-1
0.017099,33,94,1
0.017103,42,89,1
0.017114,70,103,1
0.017135,69,105,1
0.017139,24,108,1
0.017139,34,108,-1
0.017154,54,113,-1
0.017168,64,115,1
0.017176,35,122,1
0.017176,145,123,1
0.017183,32,128,-1
0.017191,3,132,1
0.017216,46,141,1
0.017216,49,141,1
0.017216,70,142,1
0.017224,82,145,1
0.017224,106,146,-1
0.017228,186,142,-1
0.017228,160,147,1
0.017228,183,147,1
0.017229,139,146,1
0.017229,150,146,1
0.017247,86,168,1
0.017257,52,15,1
0.017272,60,17,1
0.017293,44,29,1
0.017301,65,40,-1
0.017312,51,58,1
0.017312,53,58,1
0.017312,62,58,1
0.017326,71,60,1
0.017326,87,60,1
0.017348,102,71,1
0.017352,67,79,1
0.017352,93,78,1
0.017352,169,79,-1
0.01736,53,73,1
0.01736,46,75,-1
0.017361,42,76,1
0.017361,35,81,1
0.017361,75,81,1
0.017361,124,80,1
0.017365,129,82,1
0.017365,131,82,1
0.017369,58,87,1
0.017369,25,89,1
0.017369,47,88,1
0.017381,188,89,-1
0.017381,59,91,1
0.017381,31,93,-1
0.017385,65,96,1
0.017385,65,93,1
0.017389,24,105,1
0.017393,57,101,-1
0.017404,27,99,-1
0.017408,2,107,1
0.017429,53,113,1
0.01743,148,118,1
0.017433,8,121,-1
0.017433,58,121,1
0.017433,141,120,1
0.017434,152,119,-1
0.017434,152,116,1
0.017435,53,116,-1
0.017435,63,116,1
0.017435,36,115,1
0.017439,22,122,1
0.017439,30,122,1
0.017443,55,124,1
0.017443,20,125,-1
0.017443,30,129,-1
0.017443,47,129,1
0.017444,29,128,-1
0.017444,31,128,-1
0.017444,19,126,1
0.017448,8,133,1
0.017448,13,133,1
0.017448,15,133,1
0.017448,41,132,1
0.017452,1,132,1
0.017459,54,136,1
0.017467,56,135,1
0.017467,45,141,1
0.017467,48,141,1
0.017471,41,140,1
0.017478,104,146,-1
0.017482,170,148,1
0.017482,180,148,1
0.017482,181,148,1
0.01749,185,151,-1
0.01749,187,151,-1
0.017497,68,177,1
0.017497,70,177,1
0.017523,29,5,1
0.017534,50,16,1
0.017555,44,29,1
0.017559,83,43,1
0.017559,64,44,1
0.017567,68,39,-1
0.017592,50,58,1
0.017592,55,58,1
0.017592,66,57,1
0.017592,70,57,1
0.017593,85,56,1
0.017593,80,58,1
0.017593,89,58,1
0.017597,84,61,1
0.017597,83,60,1
0.017605,102,71,1
0.017612,141,78,1
0.017612,108,79,1
0.017613,49,77,1
0.017616,135,72,1
0.017624,79,82,1
0.017624,143,81,1
0.017624,168,80,-1
0.017625,147,83,1
0.017628,62,87,1
0.017639,44,90,1
0.017639,46,90,1
0.01764,47,89,1
0.01764,58,89,1
0.01764,40,92,1
0.017644,32,96,1
0.017648,29,95,-1
0.017652,57,105,1
0.017652,8,104,1
0.017652,51,104,1
0.017652,47,102,1
0.017663,33,98,1
0.017664,32,99,1
0.017664,26,106,1
0.017664,44,106,1
0.017664,62,106,-1
0.017664,146,105,-1
0.017665,54,107,1
0.017665,189,105,1
0.017665,151,108,1
0.017665,152,108,1
0.017666,149,107,1
0.017666,153,109,1
0.017677,157,118,1
0.017681,42,120,1
0.017709,21,130,1
0.01771,28,128,-1
0.01771,48,128,1
0.01771,49,128,1
0.017724,23,131,1
0.017739,29,136,1
0.017739,55,141,1
0.017739,187,140,-1
0.017743,42,140,1
0.017747,185,144,-1
0.017751,41,144,1
0.017751,183,148,1
0.017751,153,147,1
0.017751,163,147,1
0.017751,169,147,1
0.017755,142,146,1
0.017776,107,171,1
0.01778,53,15,1
0.017788,52,9,-1
0.017827,44,29,1
0.017859,57,57,1
0.01786,54,58,1
0.01786,59,58,1
0.01786,69,57,1
0.01786,55,59,1
0.01786,76,58,1
0.017861,54,60,1
0.017861,56,61,1
0.017872,102,71,1
0.017886,51,77,1
0.017886,72,77,1
0.01789,16,80,1
0.01789,169,77,-1
0.017894,42,73,1
0.017898,3,76,1
0.017898,43,76,1
0.017899,32,81,1
0.017899,152,80,1
0.017899,31,82,1
0.017899,58,82,1
0.017899,32,83,1
0.017903,43,87,1
0.017903,44,87,1
0.017904,37,88,1
0.017904,42,88,1
0.017904,50,88,1
0.017918,39,91,1
0.017922,33,95,1
0.017933,10,105,1
0.017937,146,102,1
0.017948,35,98,1
0.017948,26,99,-1
0.017948,43,99,1
0.017949,59,106,1
0.017949,186,105,1
0.017956,43,110,1
0.017956,145,109,1
0.017957,13,111,1
0.017964,145,117,1
0.017971,21,120,1
0.017975,144,116,1
0.017983,29,122,1
0.017986,37,124,1
0.017986,152,123,1
0.01799,30,128,-1
0.017998,37,126,-1
0.017998,9,133,1
0.017998,43,132,1
0.017998,17,134,1
0.017998,27,134,1
0.017999,25,132,1
0.018001,22,131,1
0.018001,32,138,1
0.018009,63,135,1
0.018009,69,142,1
0.018013,37,140,1
0.018013,40,140,1
0.018013,1,139,-1
0.018013,24,139,1
0.018014,53,145,1
0.018014,145,144,1
0.018018,85,144,-1
0.018018,108,143,1
0.018022,98,148,1
0.018022,159,147,1
0.018022,161,147,1
0.018022,162,147,1
0.018022,165,147,1
0.018022,89,147,1
0.018022,143,146,1
0.018033,148,173,1
0.018066,49,4,1
0.01807,43,5,-1
0.01807,46,5,-1
0.018095,44,29,1
0.018152,60,59,1
0.018152,75,58,1
0.018152,84,58,1
0.018152,86,58,1
0.018153,36,60,1
0.018153,59,60,1
0.018153,58,57,1
0.018153,61,58,1
0.018157,81,60,1
0.018157,37,64,1
0.018161,102,71,1
0.018186,169,79,-1
0.018187,55,73,1
0.018198,76,81,1
0.018202,18,84,1
0.018202,59,84,1
0.018202,61,85,1
0.018202,69,85,1
0.018203,46,86,1
0.018203,52,88,1
0.018203,54,87,1
0.018203,179,86,1
0.018204,148,89,1
0.018204,49,89,1
0.018204,65,89,1
0.018204,59,92,1
0.018208,29,97,1
0.018212,62,94,1
0.018223,12,102,1
0.018223,25,103,1
0.018224,58,100,1
0.018227,62,97,1
0.018231,9,106,1
0.018235,148,107,1
0.018235,145,108,1
0.018243,149,111,1
0.018243,22,113,1
0.018243,17,119,1
0.018243,61,119,1
0.018243,140,118,1
0.018243,150,118,1
0.018255,62,117,1
0.018259,17,114,1
0.018259,155,121,1
0.01827,51,128,1
0.01827,31,129,-1
0.01827,46,129,1
0.018278,12,133,1
0.018278,17,133,1
0.018278,28,134,1
0.018278,1,132,1
0.018278,103,131,1
0.018282,33,137,1
0.018286,38,135,1
0.018286,149,134,1
0.018287,64,135,1
0.018287,32,140,1
0.018287,28,139,1
0.018287,68,142,1
0.018287,72,142,1
0.018288,54,141,1
0.018288,94,140,1
0.018288,73,146,1
0.018288,74,146,1
0.018301,107,148,1
0.018301,81,147,1
0.018301,90,147,1
0.018301,145,146,1
0.018305,188,159,1
0.018326,42,16,1
0.018328,53,14,1
0.018349,48,6,-1
0.018367,52,17,1
0.018382,44,29,1
0.018382,62,30,1
0.018404,61,38,-1
0.018411,40,49,1
0.018429,76,59,1
0.018429,79,59,1
0.018429,80,59,1
0.01843,72,58,1
0.01843,87,58,1
0.01843,52,57,1
0.01843,53,57,1
0.01843,59,57,1
0.01843,60,57,1
0.018449,102,71,1
0.018467,48,77,1
0.01847,15,80,1
0.01847,87,79,1
0.018471,17,81,1
0.018471,113,79,1
0.018482,44,76,1
0.018482,168,80,-1
0.018483,35,82,-1
0.018483,59,83,1
0.018483,9,85,1
0.018483,31,84,-1
0.018487,21,86,1
0.018487,52,87,1
0.018498,38,89,1
0.018499,15,91,1
0.018499,40,97,1
0.018503,50,95,1
0.018503,36,94,1
0.018507,58,105,1
0.018507,24,104,1
0.018518,40,100,1
0.018519,42,99,1
0.018522,18,107,1
0.018522,43,107,1
0.018523,23,106,1
0.018523,142,107,-1
0.018527,29,110,1
0.018527,56,111,1
0.018527,67,111,1
0.018527,154,110,1
0.018528,17,113,1
0.018528,57,112,-1
0.018543,23,115,1
0.018546,138,116,1
0.018547,144,122,1
0.018558,50,128,1
0.018565,32,126,-1
0.018569,18,133,1
0.018569,183,131,1
0.018573,32,130,-1
0.01858,37,135,1
0.018584,15,142,1
0.018584,61,142,1
0.018584,90,141,1
0.018588,32,139,1
0.018592,95,145,-1
0.018603,108,148,1
0.018603,164,147,1
0.018603,93,147,1
0.018603,148,146,1
0.018603,149,146,1
0.018604,187,148,1
0.018608,45,158,1
0.018608,111,180,1
0.018608,67,177,1
0.018618,105,168,1
0.018633,50,13,1
0.018662,61,7,-1
0.018676,54,17,1
0.018691,44,29,1
0.018723,70,38,-1
0.018741,64,55,1
0.018759,49,60,1
0.018759,49,59,1
0.018759,48,58,1
0.018759,56,58,1
0.018759,58,58,1
0.018759,60,58,1
0.018759,72,57,1
0.018759,86,57,1
0.01876,68,56,1
0.01876,151,55,1
0.01876,156,55,1
0.018761,64,62,1
0.018761,64,61,1
0.018769,54,72,1
0.018769,102,71,1
0.018769,57,71,1
0.018773,58,68,1
0.018784,7,79,1
0.018784,39,80,1
0.018784,169,77,-1
0.018785,4,74,1
0.018785,5,74,1
0.018789,58,75,1
0.018793,77,81,1
0.018793,101,80,1
0.018793,31,82,1
0.018793,58,83,1
0.018794,21,85,1
0.018794,144,83,1
0.018794,11,87,1
0.018794,50,86,1
0.018794,184,85,-1
0.018798,40,87,1
0.018798,55,87,1
0.018798,59,87,1
0.018798,182,86,1
0.01881,33,90,-1
0.01881,26,90,1
0.01881,34,89,-1
0.01881,60,89,1
0.01881,61,89,1
0.018821,66,93,-1
0.018821,60,105,1
0.018822,13,104,1
0.018822,26,102,1
0.018829,57,100,1
0.018836,36,99,1
0.018837,147,111,1
0.01884,143,110,1
0.018841,67,110,1
0.018855,61,118,1
0.018859,31,120,1
0.018859,59,120,1
0.018859,156,119,1
0.01886,146,120,-1
0.01886,145,113,1
0.018867,142,121,1
0.018868,30,123,-1
0.018875,22,129,1
0.018875,23,129,1
0.018875,24,127,-1
0.018875,50,127,1
0.018876,52,126,1
0.018876,38,134,1
0.018876,39,133,1
0.018877,11,133,1
0.018877,14,133,1
0.018877,16,133,1
0.018877,43,131,1
0.018892,61,135,1
0.018892,65,135,1
0.018892,66,142,1
0.018903,55,145,1
0.018907,107,143,1
0.018907,110,143,1
0.018911,102,148,1
0.018911,166,147,1
0.018922,55,179,1
0.018934,109,168,1
0.018994,42,17,1
0.018994,51,16,1
0.018995,39,21,1
0.019006,38,29,1
0.019006,44,29,1
0.019017,64,38,-1
0.019017,52,40,-1
0.019017,59,39,-1
0.019036,67,46,1
0.019044,62,43,1
0.019047,44,54,1
0.019069,35,57,1
0.019073,50,60,1
0.019073,88,59,1
0.019073,83,58,1
0.019074,73,61,1
0.019084,102,71,1
0.01911,68,78,1
0.01911,34,80,1
0.01911,75,80,1
0.01911,169,79,-1
0.01911,7,80,1
0.019125,137,80,1
0.019125,80,82,1
0.019125,20,84,1
0.019136,14,89,1
0.01914,41,87,1
0.019142,47,91,1
0.019142,43,92,1
0.019142,60,92,1
0.019143,43,90,1
0.019143,57,89,1
0.019147,31,96,1
0.019147,39,94,-1
0.019148,32,94,1
0.019148,70,101,1
0.019148,3,103,1
0.019148,1,105,1
0.019152,3,101,1
0.019152,4,101,1
0.019152,24,101,-1
0.019163,66,112,1
0.019164,142,112,1
0.019175,58,107,-1
0.019175,56,108,1
0.019179,60,119,1
0.019179,29,118,1
0.019183,144,120,-1
0.01919,64,114,1
0.019191,18,123,-1
0.019191,57,122,1
0.019198,51,127,1
0.019199,18,126,1
0.019206,2,132,1
0.019206,3,132,1
0.019206,4,132,1
0.019206,33,131,-1
0.019206,42,131,1
0.01921,27,133,1
0.01921,44,132,1
0.019211,37,134,1
0.019222,58,135,1
0.019222,62,135,1
0.019222,66,135,1
0.019222,3,141,1
0.019226,73,142,1
0.019226,25,139,1
0.019226,30,139,1
0.019226,31,139,1
0.01923,76,146,1
0.01923,90,146,1
0.01923,103,146,-1
0.01923,105,146,-1
0.019231,92,145,-1
0.019231,96,145,-1
0.019231,59,143,-1
0.019231,64,143,-1
0.019231,75,143,1
0.019231,108,142,1
0.019231,110,142,1
0.019231,183,142,-1
0.019232,189,143,-1
0.019233,97,148,1
0.019233,103,148,1
0.019233,152,146,1
0.019236,185,148,1
0.019279,29,5,1
0.019279,85,4,1
0.019283,53,7,-1
0.019283,57,7,-1
0.019291,51,14,1
0.019302,39,19,1
0.019305,57,23,1
0.019316,44,29,1
0.019348,59,45,1
0.01937,53,56,1
0.019381,79,58,1
0.019381,86,59,1
0.019388,78,61,1
0.019388,81,61,1
0.019399,102,71,1
0.019431,77,80,-1
0.019432,169,77,-1
0.019443,41,76,1
0.019443,45,76,1
0.019443,168,80,-1
0.019443,19,83,1
0.019444,132,82,1
0.019444,32,84,-1
0.019466,60,90,-1
0.019466,61,90,-1
0.019471,26,97,1
0.019485,46,102,1
0.019496,54,97,1
0.019518,57,110,1
0.019518,144,109,1
0.019532,140,117,1
0.019547,38,114,1
0.01955,33,123,1
0.01955,56,123,1
0.019551,36,122,1
0.019553,53,125,1
0.019553,151,123,1
0.019557,37,126,-1
0.019561,45,130,1
0.019562,27,132,1
0.019564,26,134,1
0.019564,15,133,1
0.019564,40,132,1
0.019568,22,138,1
0.019575,60,135,1
0.019575,30,141,-1
0.019588,77,146,1
0.019596,86,144,-1
0.019607,153,149,1
0.019635,45,7,-1
0.019671,51,19,1
0.019696,44,29,1
0.019736,68,46,1
0.019736,62,42,1
0.01975,51,56,1
0.019761,51,57,1
0.019765,77,58,1
0.019783,102,71,1
0.019808,33,80,1
0.019808,169,79,-1
0.019809,94,78,1
0.019823,34,81,1
0.019834,59,85,-1
0.019834,40,86,1
0.019849,42,90,1
0.019849,62,89,1
0.019853,30,96,1
0.019853,58,95,1
0.019861,185,101,1
0.019868,22,105,-1
0.019889,68,108,1
0.019889,149,107,1
0.019896,47,113,1
0.019907,153,118,-1
0.019918,151,116,-1
0.019932,19,124,-1
0.019947,24,131,1
0.019947,1,132,1
0.019947,5,132,1
0.019947,26,132,1
0.019955,25,138,1
0.019959,59,135,1
0.019959,63,135,1
0.019963,31,141,-1
0.019963,188,141,-1
0.019963,2,139,-1
0.019963,33,139,1
0.019964,21,140,-1
0.019964,114,144,1
0.019975,123,146,-1
0.019975,125,146,-1
0.019975,126,146,-1
0.019975,180,146,1
0.019986,182,173,1
